ANTH117,130,134,140,141,152 BIOE113,135 BIO 101,113,129,130,133,153,170,172,
BIO 177 CCST113 CHEM111 COGS101,103,104,110,122,125,130,140,149,159,160,161,
COGS170,177,178,179,182 CRES100,101,102,110,120,121,122,150 CSE 100,107,111,
CSE 135,140,150,155,160,175,176,178,179,180,185 ECON111,112,126,153,155
ENG 107,109,114,116,151 ENGR175,180,197 ENVE164 ESS 113,129,130,133,172
GASP103S,103T,156D,156E HIST135,173,174,181 MATH125,126,130,131,132,140,141,
MATH146,150,160,170,180 ME 135,141,142,144 MGMT150,153,170 MIST130,131,134,
MIST135,150,164,175 PH 113,135 PHIL105,106,107,110,160,170,171,172,173
POLI106,153,170,191 PSY 143,145,170 SOC 145,181 SPAN107,108,111,114,121,122,
SPAN123,130,131,140,143,145,146,147,148,150,151,153,154,173,175,177 WH 112,
WH 140,181 WRI 100,120,121,141